capa_mapper:
  ros__parameters:
    bottom: 2.663071
    middle: 3.543844
    top: 2.686893