capa_mapper:
  ros__parameters:
    bottom: 3.24611872146
    middle: 3.60551181102
    top: 3.93974025974
