param_reader_node:
  ros__parameters:
    bottom: 4.402388994
    middle: 6.33869496
    top: 4.327
